%YAML:1.0
M: !!opencv-matrix
   rows: 3
   cols: 3
   dt: d
   data: [1540.0447781112405, 0.0, 619.5322437565924, 0.0, 1532.103992838323, 521.8407045845933, 0.0, 0.0, 1.0]
D: !!opencv-matrix
   rows: 1
   cols: 5
   dt: d
   data: [-0.23148743003437558, 0.1839897092935131, 0.003169284509443375, 0.00048336015954902504, 0.0]

R: !!opencv-matrix
   rows: 3
   cols: 3
   dt: d
   data: [0.999825768401668, 0.005918492873877567, 0.017703228014011193, -0.005861102807135352, 0.999977405128264, -0.0032919153737845336, -0.017722311189526052, 0.0031875813786991073, 0.9998378663618696]

P: !!opencv-matrix
   rows: 3
   cols: 4
   dt: d
   data: [1513.7056352915988, 0.0, 586.98388671875, 0.0, 0.0, 1513.7056352915988, 523.3837013244629, 0.0, 0.0, 0.0, 1.0, 0.0]

T: !!opencv-matrix
   rows: 3
   cols: 1
   dt: d
   data: [0, 0, 0]

ROT: !!opencv-matrix
   rows: 3
   cols: 3
   dt: d
   data: [1, 0, 0, 0, 1, 0, 0, 0, 1]

