%YAML:1.0
M: !!opencv-matrix
   rows: 3
   cols: 3
   dt: d
   data: [1526.039788256152, 0.0, 626.7003370372527, 0.0, 1516.6725148099088, 514.6590972510979, 0.0, 0.0, 1.0]
D: !!opencv-matrix
   rows: 1
   cols: 5
   dt: d
   data: [-0.23056559791316314, 0.16329105650420236, -0.00030988744721386616, 0.00037265489773335433, 0.0]

R: !!opencv-matrix
   rows: 3
   cols: 3
   dt: d
   data: [0.999988521058628, 0.004059733444308367, 0.0025448605735818777, -0.004044764329308744, 0.9999746503973775, -0.005859901378275774, -0.002568585699983345, 0.005849540751540319, 0.9999795924120141]

P: !!opencv-matrix
   rows: 3
   cols: 4
   dt: d
   data: [1493.1063145349501, 0.0, 617.8068695068359, 0.0, 0.0, 1493.1063145349501, 519.3150062561035, 0.0, 0.0, 0.0, 1.0, 0.0]

T: !!opencv-matrix
   rows: 3
   cols: 1
   dt: d
   data: [0, 0, 0]

ROT: !!opencv-matrix
   rows: 3
   cols: 3
   dt: d
   data: [1, 0, 0, 0, 1, 0, 0, 0, 1]

