%YAML:1.0
M: !!opencv-matrix
   rows: 3
   cols: 3
   dt: d
   data: [1524.4223111811432, 0.0, 620.8191566076059, 0.0, 1514.566723083793, 524.852337516748, 0.0, 0.0, 1.0]
D: !!opencv-matrix
   rows: 1
   cols: 5
   dt: d
   data: [-0.23164122550380076, 0.17370074163985158, -0.0012558005600158903, 0.0005241231227034188, 0.0]

R: !!opencv-matrix
   rows: 3
   cols: 3
   dt: d
   data: [0.9999763558404415, 0.005216825302963936, 0.0044802336801760415, -0.005242966638916691, 0.9999691846905686, 0.00584302747751352, -0.004449613566798258, -0.00586637903975925, 0.9999728929006365]

P: !!opencv-matrix
   rows: 3
   cols: 4
   dt: d
   data: [1493.1063145349501, 0.0, 617.8068695068359, -133.64056642446636, 0.0, 1493.1063145349501, 519.3150062561035, 0.0, 0.0, 0.0, 1.0, 0.0]

T: !!opencv-matrix
   rows: 3
   cols: 1
   dt: d
   data: [-0.08950294115339916, -0.0004669322483202088, -0.0004010035728234082]

ROT: !!opencv-matrix
   rows: 3
   cols: 3
   dt: d
   data: [0.9999975129486985, -0.001209224472359545, -0.0018739990909905464, 0.001187194027999177, 0.9999306991660004, -0.0117127040316736, 0.0018880325096432276, 0.011710450101048495, 0.9999296478711257]
