%YAML:1.0
M: !!opencv-matrix
   rows: 3
   cols: 3
   dt: d
   data: [1534.827290486088, 0.0, 616.5283334834586, 0.0, 1525.1356578201487, 518.7037435013189, 0.0, 0.0, 1.0]
D: !!opencv-matrix
   rows: 1
   cols: 5
   dt: d
   data: [-0.2275179702066034, 0.18475577203269894, 0.0027971257847764475, 0.0011467974560888823, 0.0]

R: !!opencv-matrix
   rows: 3
   cols: 3
   dt: d
   data: [0.9997860923689639, 0.0076085915727926575, 0.019232234396346384, -0.007670865281916073, 0.9999655656208746, 0.003166290945443074, -0.01920748113169124, -0.0033131415307723687, 0.9998100298365549]

P: !!opencv-matrix
   rows: 3
   cols: 4
   dt: d
   data: [1513.7056352915988, 0.0, 586.98388671875, -136.06221207333252, 0.0, 1513.7056352915988, 523.3837013244629, 0.0, 0.0, 0.0, 1.0, 0.0]

T: !!opencv-matrix
   rows: 3
   cols: 1
   dt: d
   data: [-0.08986760976262674, -0.0006839122323522419, -0.001728724723003999]

ROT: !!opencv-matrix
   rows: 3
   cols: 3
   dt: d
   data: [0.9999972587279201, -0.0018146905058099034, -0.0014796739551085473, 0.0018050814572573345, 0.9999774420139338, -0.006469709746367093, 0.0014913810974961804, 0.006467021079113243, 0.9999779764678741]
